56 42 51 77 12 73 36 95 6 70 46 96 89 10 44 27 84 97 82 72 
78 11 70 56 20 52 2 84 39 13 38 49 98 36 18 47 25 80 62 14 
81 47 16 7 67 39 32 98 45 1 24 71 91 5 12 63 27 78 33 27 
59 51 90 31 3 27 12 59 89 32 22 0 60 38 82 15 85 61 97 13 
69 50 38 22 91 25 73 29 53 81 32 21 85 75 72 88 54 5 91 20 
92 84 54 7 32 54 19 86 46 48 78 93 85 30 3 68 20 47 10 16 
32 10 48 14 36 8 58 37 67 15 85 33 47 83 9 69 29 36 20 90 
90 92 71 53 62 68 48 33 18 79 73 98 72 97 12 21 44 92 20 79 
91 75 53 97 6 4 97 79 77 77 28 49 69 99 69 46 61 89 28 84 
55 76 61 79 54 69 4 37 46 21 10 77 76 73 20 38 76 76 10 53 
86 43 7 41 96 78 31 3 85 76 88 45 99 88 59 10 77 89 95 25 
51 14 80 74 69 14 44 17 99 51 43 25 32 38 6 77 14 96 32 19 
83 2 96 11 63 67 17 77 38 69 98 17 70 59 11 68 89 44 66 68 
36 72 87 30 74 84 65 35 32 37 23 47 58 72 69 21 93 2 12 92 
53 10 91 77 31 94 85 18 28 16 88 15 11 79 25 20 67 35 18 74 
91 19 79 20 27 22 67 31 33 16 45 47 15 16 55 86 44 74 55 18 
28 50 30 13 63 13 94 65 8 98 33 95 86 9 60 90 74 42 77 38 
23 86 28 74 0 37 87 89 59 60 69 95 88 19 19 73 58 65 56 90 
75 12 46 92 25 12 50 3 71 51 66 16 84 32 4 70 97 83 18 61 
73 98 85 81 43 29 59 13 -4 14 36 94 4 13 40 40 49 48 22 71 
85 95 31 97 34 21 59 25 97 66 10 36 31 24 46 0 75 43 25 88 
30 16 60 10 58 59 17 80 71 97 76 99 48 95 5 59 88 48 59 20 
99 16 63 56 74 55 42 39 98 82 46 47 71 83 67 38 29 57 6 43 
95 47 93 0 23 24 74 69 87 27 88 23 81 24 96 80 77 8 29 30 
70 69 11 72 9 5 20 28 42 30 72 60 46 2 77 65 27 32 38 25 
20 59 11 51 84 60 40 14 44 3 43 12 84 61 61 40 26 70 94 35 
82 95 61 24 76 88 8 24 47 95 87 59 68 15 25 46 61 12 2 6 
85 98 63 10 83 19 3 71 14 24 58 15 24 87 43 28 90 27 78 60 
21 17 30 32 37 88 55 99 39 11 43 57 51 4 75 90 55 68 10 97 
90 31 28 5 95 84 93 60 43 9 41 16 7 57 24 96 28 64 24 93 
49 66 28 97 56 28 85 34 53 86 56 15 73 68 33 36 29 79 67 77 
54 26 50 50 17 3 65 50 79 69 68 8 66 93 94 75 51 10 24 89 
91 92 15 64 70 25 38 34 61 58 21 24 98 8 4 88 39 79 78 52 
52 22 33 23 19 49 77 24 87 77 14 37 73 67 9 87 15 41 75 52 
6 28 19 47 9 20 80 29 29 92 66 34 93 68 11 92 7 62 67 27 
29 86 19 38 87 60 21 13 22 36 47 87 87 38 91 44 64 62 81 34 
84 14 66 76 38 29 61 21 91 66 26 67 68 1 59 93 40 38 47 25 
93 90 30 38 41 60 74 4 80 30 63 77 85 8 50 73 86 15 66 8 
90 32 23 74 69 45 9 83 60 20 26 50 33 13 46 40 73 63 2 95 
86 77 81 86 31 82 45 67 20 71 78 93 45 5 37 58 22 88 58 29 
29 46 98 35 27 61 41 38 96 43 89 36 11 38 17 32 28 96 97 73 
1 71 95 66 0 29 80 37 40 18 60 23 93 44 42 47 23 43 31 45 
12 49 48 10 51 57 20 14 84 86 47 62 2 54 31 84 46 97 82 51 
48 37 38 79 95 22 51 49 74 79 50 35 79 64 14 78 46 73 31 95 
48 49 58 53 18 13 19 54 76 67 1 76 20 47 82 64 92 61 75 9 
86 44 69 16 22 77 95 17 39 7 24 31 59 44 46 49 21 8 95 18 
11 14 94 14 9 60 2 46 92 32 3 88 26 61 21 48 30 22 29 65 
44 18 27 53 40 54 74 81 81 52 31 99 33 50 12 95 32 97 74 8 
74 13 27 51 39 86 87 35 95 96 75 0 94 52 62 38 99 57 41 11 
40 8 40 64 89 77 53 48 33 12 39 2 30 37 25 63 24 41 98 60 

