Script started on 2019-02-13 19:20:55-0500
]0;will@will-Lenovo-IdeaPad-Y580: ~/Documents/School/CS315/Assignment2[01;32mwill@will-Lenovo-IdeaPad-Y580[00m:[01;34m~/Documents/School/CS315/Assignment2[00m$ make run
g++    -c -o main.o main.cpp
g++    -c -o tern.o tern.cpp
g++ -g -Wall main.o tern.o -o assign2
./assign2
Please enter text file name containing data members to add (default is "data.ternary.txt"): 
((((( -4 (( 0 ) 0  0 ) 0 ) 0  0 (( 1 ) 1  1 )) 1 (((( 2  2 ) 2  2 ) 2  2 ) 2  2 ) 2 ((((( 3 ) 3  3 ) 3  3 ) 3  3 ) 3 (((( 4  4 ) 4  4 ) 4  4 ) 4 (( 5  5 ) 5  5 ) 5 ) 5 ((( 6 ) 6  6 ) 6  6 ))) 6 ((( 7  7 ) 7  7 ) 7  7 ((((((( 8  8 ) 8  8 ) 8  8 ) 8  8 ) 8  8 ) 8 (((( 9  9 ) 9  9 ) 9  9 ) 9  9 ) 9 ((((( 10  10 ) 10  10 ) 10  10 ) 10  10 ) 10  10 )) 10  10 )) 10 (((((( 11  11 ) 11  11 ) 11  11 ) 11  11 ) 11  11 ) 11 ((((( 12  12 ) 12  12 ) 12  12 ) 12  12 ) 12  12 ) 12 )) 12 ((((((( 13 ) 13  13 ) 13  13 ) 13  13 ) 13  13 ) 13 (((((((( 14 ) 14  14 ) 14  14 ) 14  14 ) 14  14 ) 14  14 ) 14  14 ) 14 (((((( 15 ) 15  15 ) 15  15 ) 15  15 ) 15  15 ) 15 (((( 16  16 ) 16  16 ) 16  16 ) 16  16 ) 16 ) 16 ((((( 17 ) 17  17 ) 17  17 ) 17  17 ) 17 (((( 18  18 ) 18  18 ) 18  18 ) 18  18 ) 18 )) 18 (((((( 19 ) 19  19 ) 19  19 ) 19  19 ) 19  19 ) 19 ((((((( 20  20 ) 20  20 ) 20  20 ) 20  20 ) 20  20 ) 20  20 ) 20  20 ) 20 )) 20 (((((((( 21 ) 21  21 ) 21  21 ) 21  21 ) 21  21 ) 21  21 (((( 22  22 ) 22  22 ) 22  22 ) 22  22 )) 22  22 (((( 23  23 ) 23  23 ) 23  23 ) 23  23 ((((((( 24  24 ) 24  24 ) 24  24 ) 24  24 ) 24  24 ) 24  24 ) 24  24 ))) 24 (((((( 25  25 ) 25  25 ) 25  25 ) 25  25 ) 25  25 ) 25  25 ) 25 (((((( 26  26 ) 26  26 ) 26 (( 27  27 ) 27  27 ) 27 ) 27  27 ) 27  27 ) 27  27 )) 27 (((((((((( 28  28 ) 28  28 ) 28  28 ) 28  28 ) 28  28 ) 28  28 ) 28 (((((( 29  29 ) 29  29 ) 29  29 ) 29  29 ) 29  29 ) 29  29 ) 29 ) 29 ((((( 30  30 ) 30  30 ) 30  30 ) 30  30 ) 30  30 ) 30 (((((( 31  31 ) 31  31 ) 31  31 ) 31  31 ) 31  31 ) 31  31 )) 31 ((((((( 32 ) 32  32 ) 32  32 ) 32  32 ) 32  32 ) 32  32 ) 32  32 ) 32 ) 32 (((((( 33 ) 33  33 ) 33  33 ) 33  33 ) 33  33 ) 33 ((((( 34  34 ) 34  34 ) 34 (( 35 ) 35  35 ) 35 ) 35  35 ((( 36 ) 36  36 ) 36  36 )) 36  36 ) 36 ) 36 )) 36 ((((((( 37  37 ) 37  37 ) 37  37 ) 37  37 ) 37  37 (((((((( 38  38 ) 38  38 ) 38  38 ) 38  38 ) 38  38 ) 38  38 ) 38  38 ) 38  38 )) 38  38 ) 38 (((( 39 ) 39  39 ) 39  39 ) 39  39 ) 39 (((((( 40  40 ) 40  40 ) 40  40 ) 40  40 ) 40  40 ((( 41  41 ) 41  41 ) 41  41 )) 41 (( 42 ) 42  42 ) 42 ))) 42 (((((((( 43  43 ) 43  43 ) 43  43 ) 43  43 ) 43  43 ) 43 ((((( 44 ) 44  44 ) 44  44 ) 44  44 ) 44  44 ) 44 ) 44 ((( 45  45 ) 45  45 ) 45  45 ) 45 ((((((( 46  46 ) 46  46 ) 46  46 ) 46  46 ) 46  46 ) 46  46 ) 46  46 )) 46 (((((((( 47  47 ) 47  47 ) 47  47 ) 47  47 ) 47  47 ) 47  47 ) 47  47 ) 47 (((((( 48 ) 48  48 ) 48  48 ) 48  48 ) 48  48 ) 48  48 (((( 49  49 ) 49  49 ) 49  49 ) 49  49 )) 49 (((((( 50 ) 50  50 ) 50  50 ) 50  50 ) 50  50 ) 50 ((((( 51  51 ) 51  51 ) 51  51 ) 51  51 ) 51  51 ) 51 )) 51 (((( 52 ) 52  52 ) 52  52 ) 52 ((((( 53  53 ) 53  53 ) 53  53 ) 53  53 ) 53 (((( 54 ) 54  54 ) 54  54 ) 54  54 ) 54 ((( 55  55 ) 55  55 ) 55  55 (( 56  56 ) 56  56 ))) 56 )) 56 ((((((((( 57  57 ) 57  57 ) 57 ((( 58 ) 58  58 ) 58  58 ) 58 ) 58  58 ) 58 (((((( 59 ) 59  59 ) 59  59 ) 59  59 ) 59  59 ) 59  59 ) 59 ) 59  59 (((((((( 60 ) 60  60 ) 60  60 ) 60  60 ) 60  60 ) 60  60 ) 60  60 ) 60 (((((( 61  61 ) 61  61 ) 61  61 ) 61  61 ) 61  61 ) 61  61 ) 61 ((( 62 ) 62  62 ) 62  62 ))) 62 ((((( 63 ) 63  63 ) 63  63 ) 63  63 ) 63 ((((((( 64 ) 64  64 ) 64  64 ) 64 ( 65  65 ) 65 ) 65  65 ) 65 ((((( 66 ) 66  66 ) 66  66 ) 66  66 ) 66  66 ) 66 ((((( 67 ) 67  67 ) 67  67 ) 67  67 ) 67  67 )) 67  67 ) 67 (((((( 68 ) 68  68 ) 68  68 ) 68  68 ) 68  68 ) 68 ((((((( 69 ) 69  69 ) 69  69 ) 69  69 ) 69  69 ) 69  69 ) 69  69 ) 69 ((( 70 ) 70  70 ) 70  70 ))) 70 ) 70 ((((( 71  71 ) 71  71 ) 71  71 ) 71  71 ) 71 ((( 72 ) 72  72 ) 72  72 ) 72 ) 72 (((((( 73 ) 73  73 ) 73  73 ) 73  73 ) 73  73 ) 73  73 )) 73 (((((((( 74  74 ) 74  74 ) 74  74 ) 74  74 ) 74  74 ) 74  74 ) 74  74 (((( 75 ) 75  75 ) 75  75 ) 75  75 )) 75  75 ((((((( 76 ) 76  76 ) 76  76 ) 76  76 ) 76  76 ) 76 ((((((( 77  77 ) 77  77 ) 77  77 ) 77  77 ) 77  77 ) 77  77 ) 77  77 ) 77 ) 77  77 )) 77 ((((((( 78 ) 78  78 ) 78  78 ) 78  78 ) 78 ((((((( 79  79 ) 79  79 ) 79  79 ) 79  79 ) 79  79 ) 79  79 ((( 80  80 ) 80  80 ) 80  80 )) 80 (((( 81 ) 81  81 ) 81  81 ) 81  81 ) 81 ((( 82  82 ) 82  82 ) 82  82 )) 82 ((((( 83 ) 83  83 ) 83  83 ) 83 (((( 84  84 ) 84  84 ) 84  84 ) 84  84 ) 84 ) 84  84 )) 84 (((((( 85  85 ) 85  85 ) 85  85 ) 85  85 ) 85  85 ) 85 ((((((( 86  86 ) 86  86 ) 86  86 ) 86  86 ) 86  86 ) 86  86 ) 86 ((((((( 87  87 ) 87  87 ) 87  87 ) 87  87 ) 87  87 ) 87 ((((( 88 ) 88  88 ) 88  88 ) 88  88 ) 88  88 ) 88 ) 88  88 ) 88 (((( 89 ) 89  89 ) 89  89 ) 89  89 )) 89 ) 89 (((((( 90 ) 90  90 ) 90  90 ) 90  90 ) 90  90 ) 90 (((( 91  91 ) 91  91 ) 91  91 ) 91  91 ) 91 (((((( 92 ) 92  92 ) 92  92 ) 92  92 ) 92  92 ) 92 ((((( 93  93 ) 93  93 ) 93  93 ) 93  93 ) 93  93 ) 93 (((( 94  94 ) 94  94 ) 94  94 ) 94 (((((((( 95  95 ) 95  95 ) 95  95 ) 95  95 ) 95  95 ) 95  95 ) 95  95 ) 95  95 ) 95 )))) 95 (((( 96  96 ) 96  96 ) 96  96 ) 96  96 ) 96 (((((((( 97 ) 97  97 ) 97  97 ) 97  97 ) 97  97 ) 97  97 ) 97  97 ) 97 ((((( 98  98 ) 98  98 ) 98  98 ) 98  98 ) 98  98 ) 98 (((( 99  99 ) 99  99 ) 99  99 ) 99  99 ))))
]0;will@will-Lenovo-IdeaPad-Y580: ~/Documents/School/CS315/Assignment2[01;32mwill@will-Lenovo-IdeaPad-Y580[00m:[01;34m~/Documents/School/CS315/Assignment2[00m$ make run
./assign2
Please enter text file name containing data members to add (default is "data.ternary.txt"): test.txt
((( -15  -1 (( 0 ) 0  0 )) 0 ( 1  2 ) 2 ) 2 ( 3 ) 4 ) 4 ( 5  5 ) 6 (( 7  7 ) 8 (( 9  12 ) 14 ( 15 ) 15 ( 17 )) 18 ( 19  19 ((( 32  55 ) 74 ( 89 ) 94 ( 100 )) 100 (( 124 ) 168  174 ((( 201 ) 201  310 ) 385 (( 447 ) 524  635 ) 648 (( 650 ) 658 ( 751  754 ) 754 ))) 805 )))
]0;will@will-Lenovo-IdeaPad-Y580: ~/Documents/School/CS315/Assignment2[01;32mwill@will-Lenovo-IdeaPad-Y580[00m:[01;34m~/Documents/School/CS315/Assignment2[00m$ make search
./assign2 1
Please enter text file name containing data members to add (default is "data.ternary.txt"): test.txt
((( -15  -1 (( 0 ) 0  0 )) 0 ( 1  2 ) 2 ) 2 ( 3 ) 4 ) 4 ( 5  5 ) 6 (( 7  7 ) 8 (( 9  12 ) 14 ( 15 ) 15 ( 17 )) 18 ( 19  19 ((( 32  55 ) 74 ( 89 ) 94 ( 100 )) 100 (( 124 ) 168  174 ((( 201 ) 201  310 ) 385 (( 447 ) 524  635 ) 648 (( 650 ) 658 ( 751  754 ) 754 ))) 805 )))
Please type a number in to search for inside the tree (Q or q to quit): 6
Number 6 was found in the tree
Please type a number in to search for inside the tree (Q or q to quit): -1
Number -1 was found in the tree
Please type a number in to search for inside the tree (Q or q to quit): -15
Number -15 was found in the tree
Please type a number in to search for inside the tree (Q or q to quit): 101
Number 101 not found!
Please type a number in to search for inside the tree (Q or q to quit): vsa
Invalid option! Please enter a number.
Please type a number in to search for inside the tree (Q or q to quit): q
]0;will@will-Lenovo-IdeaPad-Y580: ~/Documents/School/CS315/Assignment2[01;32mwill@will-Lenovo-IdeaPad-Y580[00m:[01;34m~/Documents/School/CS315/Assignment2[00m$ make clean
rm -i `find ./ -type f -executable`
rm: remove regular file './assign2'? y
rm -i *.o 
rm: remove regular file 'main.o'? y
rm: remove regular file 'tern.o'? y
]0;will@will-Lenovo-IdeaPad-Y580: ~/Documents/School/CS315/Assignment2[01;32mwill@will-Lenovo-IdeaPad-Y580[00m:[01;34m~/Documents/School/CS315/Assignment2[00m$ exit
exit

Script done on 2019-02-13 19:22:29-0500
